4.000000000000000000e+00 -1.246513433846940065e-12 1.485544419505839996e-12
2.930000000000000000e+02 2.434470497713280088e-03 -1.029370294709119893e-03
7.020000000000000000e+02 1.681648880509710063e-03 3.830955009230500191e-04
7.380000000000000000e+02 -4.138772753818910051e-04 -1.853982881699159976e-03
7.620000000000000000e+02 8.448543994164370166e-04 4.673760232312470234e-05
7.630000000000000000e+02 2.668571978734349866e-03 2.105146567315129783e-03
8.190000000000000000e+02 2.190823996638680167e-03 2.252046354436230101e-03
1.647000000000000000e+03 2.233518285313939884e-04 7.007218229507269480e-04
1.870000000000000000e+03 -1.034872716291299977e-03 -4.315630867155029844e-04
2.080000000000000000e+03 2.424134332816749952e-04 6.841021300031130013e-04
2.124000000000000000e+03 2.660770052565920168e-03 -1.307569491577680000e-03
2.125000000000000000e+03 3.045744073231400079e-03 -7.488252051773899983e-04
2.212000000000000000e+03 2.743307883917220184e-03 9.094789430931039592e-04
2.498000000000000000e+03 2.426047059790040130e-04 6.843154197388950184e-04
2.612000000000000000e+03 1.472718248155989928e-03 -1.800122250947370009e-03
2.742000000000000000e+03 3.068221062645189916e-04 1.914220416386650100e-03
2.824000000000000000e+03 -1.342895694036520078e-03 -2.359996163162949787e-03
3.063000000000000000e+03 -1.219711654475440048e-03 -2.235738472110860089e-03
3.100000000000000000e+03 -2.305182957370709856e-03 6.113996772897810003e-05
3.146000000000000000e+03 1.609761602615220012e-03 3.604826122624469817e-04
3.512000000000000000e+03 2.423550472722379914e-03 -1.884110400465439927e-03
3.556000000000000000e+03 8.498796380024860190e-04 4.504281478132559973e-05
4.510000000000000000e+03 1.497540266273839895e-03 1.029151314401979996e-03
4.677000000000000000e+03 2.575299437079849822e-03 -1.228840095857560094e-03
5.051000000000000000e+03 2.231242784143600076e-04 7.009097793555839687e-04