SIS_iter_1
1 -0.0019065553398058 0.0013832155339806
2 -0.0010851692307692 0.0013249846153846
3 -0.0017013600000000 0.0011476800000000
4 0.0007056000000000 0.0010293120000000
5 -0.0007223530069930 0.0010075166433566
6 -0.0006240000000000 0.0008258666666667
7 -0.0003316800000000 0.0008257600000000
8 -0.0003998400000000 0.0001680685714286
9 -0.0010810140845070 0.0001332845070423
10 0.0006648000000000 0.0001076160000000
11 -0.0004854814814815 0.0000927111111111
12 -0.0000627488986784 0.0000628884581498
13 -0.0004003826086957 -0.0001056000000000
14 -0.0017302344827586 -0.0001176000000000
15 -0.0006167441860465 -0.0001812279069767
16 0.0010271225806452 -0.0001974967741935
17 0.0006501338729259 -0.0004039779846216
18 -0.0019081243027888 -0.0006869928286853
19 0.0003331508771930 -0.0008165192982456
20 0.0006281600000000 -0.0009593600000000
21 0.0007921600000000 -0.0010036800000000
22 -0.0001612500000000 -0.0012262500000000
23 -0.0012051789473684 -0.0012600000000000
24 -0.0011359868852459 -0.0013468721311475
25 0.0004534829268293 -0.0014234341463415

Total matched stars = 8

1 1745 0.1543390692512580 0.9878954716878739 0.0155559866690965 0.9978663242339331 -0.0528468713577949 0.0383406722365689
2 8804 0.1318382301814620 0.9911722919823370 0.0140060226010436 0.9988702905204956 -0.0301095362445101 0.0367635491029005
3 5948 0.1487368781975190 0.9888351214923840 0.0090798440074069 0.9983790288568215 -0.0471833929037734 0.0318283234399555
5 70 0.1218389413541080 0.9925361580525019 0.0052198973255912 0.9994075933263760 -0.0200534744514153 0.0279699939937037
6 6136 0.1191275122108610 0.9928789414926760 0.0002082662596254 0.9995868951094570 -0.0173261728485639 0.0229312638085481
7 6726 0.1110869155274060 0.9938106714949780 0.0002154560463549 0.9996946263563223 -0.0092105198241629 0.0229307731849999
8 6542 0.1129036244950260 0.9934415106995670 -0.0180758511514055 0.9993997097235761 0.0195882343105821 0.0285748365004165
10 1500 0.0834649152207942 0.9963159773022280 -0.0196997791736642 0.9995426148378899 -0.0300144345751321 0.0037006540190665

quat_3.x = 0.012179635281197
quat_3.y = 0.027563779328300
quat_3.z = 0.670907725137245
quat_4   = 0.740928153470979



SIS_iter_2
1 -0.0011616960000000 0.0014063040000000
2 -0.0017772000000000 0.0012310909090909
3 0.0006299520000000 0.0011062080000000
4 -0.0007987325966851 0.0010877138121547
5 -0.0007007272727273 0.0009071272727273
6 -0.0004091657142857 0.0009064457142857
7 -0.0004778666666667 0.0002473333333333
8 -0.0011590769230769 0.0002142461538462
9 0.0005862769230769 0.0001847179487179
10 -0.0005636689655172 0.0001720551724138
11 -0.0001411357549234 0.0001415831947484
12 -0.0004786867924528 -0.0000256754716981
13 -0.0018090580645161 -0.0000341419354839
14 -0.0006958628571429 -0.0001014171428571
15 0.0005706491327148 -0.0003268521177894
16 0.0002529303370787 -0.0007385662921348
17 0.0005468571428571 -0.0008823428571429
18 0.0007106666666667 -0.0009266666666667
19 -0.0002424000000000 -0.0011471314285714
20 -0.0012168842105263 -0.0012663157894737
21 0.0003712695652174 -0.0013457739130435

Total matched stars = 8

1 8804 0.1318382301814620 0.9911722919823370 0.0140060226010436 0.9987188133865447 -0.0322279902954415 0.0390139517261320
2 5948 0.1487368781975190 0.9888351214923840 0.0090798440074069 0.9982016126971041 -0.0492778862801470 0.0341354703008692
4 70 0.1218389413541080 0.9925361580525019 0.0052198973255912 0.9992981565829132 -0.0221714447630580 0.0301930668715545
5 6136 0.1191275122108610 0.9928789414926760 0.0002082662596254 0.9994934797802263 -0.0194547872276414 0.0251852165117147
3 4655 0.0824012429880282 0.9965818007380460 0.0058948784330857 0.9993753790552057 0.0174877366329607 0.0307088066476084
6 6726 0.1110869155274060 0.9938106714949780 0.0002154560463549 0.9996186363182559 -0.0113613798150686 0.0251694452447448
9 1500 0.0834649152207942 0.9963159773022280 -0.0196997791736642 0.9998542597403270 0.0162830966368309 0.0051303063298927
10 2436 0.1152426193738360 0.9931324541293191 -0.0201759072889644 0.9998660278207437 -0.0156553735988209 0.0047786700502054

quat_3.x = -0.006841675694927
quat_3.y = 0.010598122643562
quat_3.z = 0.670865104928051
quat_4   = 0.741470535728720



SIS_iter_3
1 -0.0018534769230769 0.0013137846153846
2 0.0005531076923077 0.0011834769230769
3 -0.0008750506963788 0.0011680813370474
4 -0.0007776727272727 0.0009878545454545
5 -0.0004853647058824 0.0009845647058824
6 -0.0005566736842105 0.0003265263157895
7 -0.0012372666666667 0.0002952000000000
8 0.0005081793103448 0.0002616413793103
9 -0.0006416000000000 0.0002520571428571
10 -0.0002194364116095 0.0002204052770449
11 -0.0005573617021277 0.0000538723404255
12 -0.0018870967741935 0.0000477677419355
13 -0.0007746000000000 -0.0000211090909091
14 0.0008692235294118 -0.0000450352941176
15 0.0004912908641975 -0.0002495407407407
16 0.0001725455587393 -0.0006607289398281
17 0.0006303272727273 -0.0008501090909091
18 -0.0003231428571429 -0.0010678285714286
19 -0.0013677000000000 -0.0010978500000000
20 -0.0012984941176471 -0.0011853647058824
21 0.0002902188679245 -0.0012679698113208

Total matched stars = 7

1 5948 0.1487368781975190 0.9888351214923840 0.0090798440074069 0.9980146446868180 -0.0513832531338842 0.0364215635032801
3 70 0.1218389413541080 0.9925361580525019 0.0052198973255912 0.9991792031300740 -0.0242870127085060 0.0324200716539468
4 6136 0.1191275122108610 0.9928789414926760 0.0002082662596254 0.9993907457134679 -0.0215888590786144 0.0274236858566183
2 4655 0.0824012429880282 0.9965818007380460 0.0058948784330857 0.9993422599397666 0.0153539969783566 0.0328527361915070
7 1129 0.1316570953099460 0.9911120264732860 -0.0190620102445515 0.9993763663313145 -0.0343470851532275 0.0081948862039168
8 1500 0.0834649152207942 0.9963159773022280 -0.0196997791736642 0.9998739812237006 0.0141143130613888 0.0072669002106637
9 2436 0.1152426193738360 0.9931324541293191 -0.0201759072889644 0.9998167234828981 -0.0178189558274063 0.0070003040750525

quat_3.x = -0.006757196396849
quat_3.y = 0.012140225920417
quat_3.z = 0.671656183644598
quat_4   = 0.740732442805085



SIS_iter_4
1 -0.0019295314285714 0.0013965942857143
2 0.0004770122448980 0.0012608816326531
3 -0.0009513379505300 0.0012485715901060
4 -0.0008544000000000 0.0010663500000000
5 -0.0005620800000000 0.0010652571428571
6 -0.0006347121951220 0.0004065365853659
7 -0.0013153246753247 0.0003765506493506
8 0.0004301806451613 0.0003389806451613
9 -0.0007202181818182 0.0003320415584416
10 -0.0002977039787798 0.0002993570291777
11 -0.0006362823529412 0.0001335058823529
12 -0.0008532800000000 0.0000592000000000
13 0.0007898823529412 0.0000316235294118
14 0.0004120427703524 -0.0001721516403402
15 0.0000923827089337 -0.0005825360230548
16 0.0003864000000000 -0.0007269257142857
17 0.0005504000000000 -0.0007725333333333
18 -0.0004037793103448 -0.0009888827586207
19 -0.0014490580645161 -0.0010159741935484
20 -0.0013796689655172 -0.0011035034482759
21 0.0002081600000000 -0.0011899200000000

Total matched stars = 7

1 5948 0.1487368781975190 0.9888351214923840 0.0090798440074069 0.9978182844417595 -0.0534811594398222 0.0387096476175720
4 6136 0.1191275122108610 0.9928789414926760 0.0002082662596254 0.9992804449457617 -0.0237162558933794 0.0295995195129976
3 70 0.1218389413541080 0.9925361580525019 0.0052198973255912 0.9990507457334038 -0.0264009691367089 0.0346496216165819
2 4655 0.0824012429880282 0.9965818007380460 0.0058948784330857 0.9992995933424345 0.0132410595096081 0.0349999584100875
8 1500 0.0834649152207942 0.9963159773022280 -0.0196997791736642 0.9998842935166946 0.0119480797353237 0.0094150395250814
9 2436 0.1152426193738360 0.9931324541293191 -0.0201759072889644 0.9997574317189551 -0.0200012077703289 0.0092211393247637
20 4066 0.1329032266832860 0.9893042813942650 -0.0601146500625852 0.9995601180219024 -0.0112111581973077 -0.0274568824143534

quat_3.x = -0.077239151928096
quat_3.y = -0.047981349520224
quat_3.z = 0.668065760693522
quat_4   = 0.738525586952094



SIS_iter_5
1 0.0004009745454545 0.0013381090909091
2 -0.0010274846315789 0.0013292277894737
3 -0.0009310588235294 0.0011472000000000
4 -0.0006396923076923 0.0011439384615385
5 -0.0007119272727273 0.0004857454545455
6 -0.0013937725490196 0.0004579607843137
7 0.0003520320000000 0.0004167360000000
8 -0.0007981800000000 0.0004111800000000
9 -0.0003758597289025 0.0003784265850459
10 -0.0007149551020408 0.0002135020408163
11 -0.0009318814814815 0.0001381629629630
12 0.0007108000000000 0.0001080000000000
13 0.0003328637798462 -0.0000946994738972
14 0.0000125103448276 -0.0005044275862069
15 0.0003056000000000 -0.0006486666666667
16 0.0004703172413793 -0.0006959172413793
17 -0.0004858758620690 -0.0009096000000000
18 -0.0015307200000000 -0.0009356800000000
19 -0.0014607864406780 -0.0010223593220339
20 0.0001276266666667 -0.0011118400000000

Total matched stars = 9

2 70 0.1218389413541080 0.9925361580525019 0.0052198973255912 0.9989128205798691 -0.0285102103175832 0.0368828522326751
3 6136 0.1191275122108610 0.9928789414926760 0.0002082662596254 0.9991588794029739 -0.0258409914104416 0.0318398629569748
4 6726 0.1110869155274060 0.9938106714949780 0.0002154560463549 0.9993379260519938 -0.0177574662244624 0.0317550302690265
6 1129 0.1316570953099460 0.9911120264732860 -0.0190620102445515 0.9991706586249461 -0.0386837954382581 0.0127105827357539
7 1500 0.0834649152207942 0.9963159773022280 -0.0196997791736642 0.9998852067203825 0.0097775441414497 0.0115746711529951
8 2436 0.1152426193738360 0.9931324541293191 -0.0201759072889644 0.9996891263876038 -0.0221647740805572 0.0114181159718904
5 6542 0.1129036244950260 0.9934415106995670 -0.0180758511514055 0.9997135532603261 -0.0197700928744754 0.0134890642873247
9 31 0.1035789115479310 0.9944000301421640 -0.0209759179967930 0.9998902660525752 -0.0104394023425212 0.0105106960778590
10 4530 0.1128735860402750 0.9932780191921770 -0.0256579454375142 0.9997852760006313 -0.0198555995561649 0.0059293388001180

quat_3.x = -0.006641388077341
quat_3.y = 0.015168863211366
quat_3.z = 0.673231932781784
quat_4   = 0.739242256559826



SIS_iter_6
1 -0.0011036201680672 0.0014099831932773
2 0.0003257860465116 0.0014158325581395
3 -0.0010072941176471 0.0012285176470588
4 -0.0007162666666667 0.0012240000000000
5 -0.0007899600000000 0.0005664000000000
6 -0.0014716392156863 0.0005394352941176
7 -0.0008762181818182 0.0004918909090909
8 0.0002745719008264 0.0004939041322314
9 -0.0004538796320631 0.0004575716162943
10 -0.0007932521739130 0.0002933217391304
11 -0.0010105714285714 0.0002195428571429
12 0.0006329828571429 0.0001843885714286
13 0.0002538372280419 -0.0000170978243352
14 -0.0000674590909091 -0.0004261363636364
15 0.0002252000000000 -0.0005713333333333
16 0.0003891200000000 -0.0006187200000000
17 -0.0005662400000000 -0.0008302400000000
18 -0.0015424131147541 -0.0009413114754098
19 0.0014639111111111 -0.0013874666666667

Total matched stars = 10

1 70 0.1218389413541080 0.9925361580525019 0.0052198973255912 0.9987653958194720 -0.0306182676109449 0.0391178450592338
3 6136 0.1191275122108610 0.9928789414926760 0.0002082662596254 0.9990276941953106 -0.0279531866591511 0.0340923097838729
4 6726 0.1110869155274060 0.9938106714949780 0.0002154560463549 0.9992249706345983 -0.0198808760824039 0.0339736490015763
2 4655 0.0824012429880282 0.9965818007380460 0.0058948784330857 0.9991866729654668 0.0090422521086813 0.0392966950901008
6 1129 0.1316570953099460 0.9911120264732860 -0.0190620102445515 0.9990535396617207 -0.0408401768760103 0.0149701316668527
7 2436 0.1152426193738360 0.9931324541293191 -0.0201759072889644 0.9996106769487287 -0.0243299180522794 0.0136583167950358
5 6542 0.1129036244950260 0.9934415106995670 -0.0180758511514055 0.9996356753676383 -0.0219353388364839 0.0157276012924508
8 1500 0.0834649152207942 0.9963159773022280 -0.0196997791736642 0.9998768240660011 0.0076260577826698 0.0137178693091281
9 31 0.1035789115479310 0.9944000301421640 -0.0209759179967930 0.9998397844591171 -0.0126057475970091 0.0127082862836209
10 4530 0.1128735860402750 0.9932780191921770 -0.0256579454375142 0.9997241548205597 -0.0220287044201330 0.0081455785484075

quat_3.x = -0.006474533305634
quat_3.y = 0.016783971843397
quat_3.z = 0.674017871573830
quat_4   = 0.738495906647159



SIS_iter_7
1 -0.0010834838709677 0.0013084645161290
2 -0.0007916756756757 0.0013043675675676
3 -0.0008681828571429 0.0006462857142857
4 -0.0015494720000000 0.0006207360000000
5 -0.0009536571428571 0.0005719428571429
6 0.0001960410256410 0.0005721641025641
7 -0.0005318586794928 0.0005368391779624
8 -0.0008718000000000 0.0003735000000000
9 -0.0010890506024096 0.0003001156626506
10 0.0001748561715904 0.0000606313233509
11 -0.0001473258160237 -0.0003477151335312
12 0.0001442823529412 -0.0004942588235294
13 -0.0006478000000000 -0.0007496000000000
14 -0.0016917000000000 -0.0007707000000000
15 -0.0016226666666667 -0.0008591466666667
16 -0.0000350000000000 -0.0009561000000000
17 0.0009816000000000 -0.0014150400000000

Total matched stars = 8

2 6726 0.1110869155274060 0.9938106714949780 0.0002154560463549 0.9991030119041291 -0.0219712653338557 0.0361999323718561
3 6542 0.1129036244950260 0.9934415106995670 -0.0180758511514055 0.9995483668306533 -0.0241052988046531 0.0179442730616741
4 1129 0.1316570953099460 0.9911120264732860 -0.0190620102445515 0.9989268162254015 -0.0429946981052890 0.0172241621165692
5 2436 0.1152426193738360 0.9931324541293191 -0.0201759072889644 0.9995232652905427 -0.0264778472610061 0.0158797275591953
6 1500 0.0834649152207942 0.9963159773022280 -0.0196997791736642 0.9998589018424207 0.0054448156837083 0.0158912047573166
7 31 0.1035789115479310 0.9944000301421640 -0.0209759179967930 0.9997797525849341 -0.0147705983053735 0.0149089150144762
8 4530 0.1128735860402750 0.9932780191921770 -0.0256579454375142 0.9996531367699296 -0.0242082667954451 0.0103714012939880
9 2377 0.1188380369227590 0.9925249827945080 -0.0277791200203857 0.9995080405022865 -0.0302365231561748 0.0083324449416652

quat_3.x = -0.006428962114399
quat_3.y = 0.018287949297687
quat_3.z = 0.674802167356753
quat_4   = 0.737744029721395



SIS_iter_8
1 -0.0011601081081081 0.0013901189189189
2 -0.0008680864864865 0.0013841513513514
3 -0.0009456000000000 0.0007261333333333
4 -0.0016274066225166 0.0007025960264901
5 -0.0010323105882353 0.0006519811764706
6 0.0001184615384615 0.0006496615384615
7 -0.0006097545335085 0.0006161944809461
8 -0.0009502080000000 0.0004532160000000
9 -0.0011674120481928 0.0003808481927711
10 0.0004753333333333 0.0003385333333333
11 0.0000959288461538 0.0001384250000000
12 -0.0002272710601719 -0.0002690957020057
13 0.0000645333333333 -0.0004154666666667
14 0.0002281920000000 -0.0004622400000000
15 -0.0007274909090909 -0.0006709090909091
16 -0.0017727771428571 -0.0006893485714286
17 -0.0017040000000000 -0.0007777000000000
18 -0.0001159304347826 -0.0008771478260870
19 0.0012993000000000 -0.0012378000000000
20 0.0008985103448276 -0.0013389517241379
21 -0.0007768000000000 -0.0014067200000000

Total matched stars = 9

2 6726 0.1110869155274060 0.9938106714949780 0.0002154560463549 0.9989717081950147 -0.0240887177851782 0.0384091122183305
3 6542 0.1129036244950260 0.9934415106995670 -0.0180758511514055 0.9994520598774896 -0.0262522741061154 0.0201593182151585
1 6136 0.1191275122108610 0.9928789414926760 0.0002082662596254 0.9987376253437400 -0.0321845449176086 0.0385656685562913
4 1129 0.1316570953099460 0.9911120264732860 -0.0190620102445515 0.9987899723717665 -0.0451510393205817 0.0194929407190702
5 2436 0.1152426193738360 0.9931324541293191 -0.0201759072889644 0.9994253627422585 -0.0286588162252704 0.0181001812165345
6 1500 0.0834649152207942 0.9963159773022280 -0.0196997791736642 0.9998317965952233 0.0032900448007621 0.0180431184216338
7 31 0.1035789115479310 0.9944000301421640 -0.0209759179967930 0.9997101969265477 -0.0169327173547411 0.0171115529414361
9 2377 0.1188380369227590 0.9925249827945080 -0.0277791200203857 0.9994187570669171 -0.0324092638386045 0.0105729674291794
10 7059 0.0734035626217796 0.9969048792448060 -0.0281527748602052 0.9998686421694322 0.0132019692938297 0.0094024684535859

quat_3.x = -0.006259295241124
quat_3.y = 0.019897200401806
quat_3.z = 0.675584904554547
quat_4   = 0.736987071230515



SIS_iter_9
1 -0.0010228235294118 0.0008066823529412
2 -0.0017054461538462 0.0007841230769231
3 -0.0011098206896552 0.0007328827586207
4 0.0000408000000000 0.0007274823529412
5 -0.0006875621052632 0.0006957305263158
6 -0.0010274790697674 0.0005333023255814
7 -0.0012458857142857 0.0004612571428571
8 0.0003983172413793 0.0004166896551724
9 0.0000171233561920 0.0002163340056474
10 -0.0003068752941176 -0.0001903341176471
11 -0.0000151058823529 -0.0003374117647059
12 0.0001491000000000 -0.0003858000000000
13 -0.0018531000000000 -0.0006078000000000
14 -0.0017852571428571 -0.0006956571428571
15 -0.0001974000000000 -0.0007984800000000
16 0.0012168000000000 -0.0011615351351351
17 0.0008163200000000 -0.0012622400000000
18 -0.0008349120000000 -0.0012909120000000
19 -0.0008577846153846 -0.0013268307692308

Total matched stars = 8

2 1129 0.1316570953099460 0.9911120264732860 -0.0190620102445515 0.9986434307059596 -0.0473092388322557 0.0217516488787271
3 2436 0.1152426193738360 0.9931324541293191 -0.0201759072889644 0.9993182829647070 -0.0308073362773587 0.0203439761099796
4 1500 0.0834649152207942 0.9963159773022280 -0.0196997791736642 0.9997952422214433 0.0011331012745176 0.0202037054241847
1 6542 0.1129036244950260 0.9934415106995670 -0.0180758511514055 0.9993459722844774 -0.0283931826243178 0.0223931877867981
5 31 0.1035789115479310 0.9944000301421640 -0.0209759179967930 0.9996310751639274 -0.0190919012923940 0.0193187181679283
6 4530 0.1128735860402750 0.9932780191921770 -0.0256579454375142 0.9994833772413524 -0.0285263402971102 0.0148063002628545
8 7059 0.0734035626217796 0.9969048792448060 -0.0281527748602052 0.9998718275425035 0.0110629496688783 0.0115732290843138
10 409 0.0925092826667570 0.9946778990990190 -0.0453641892294272 0.9999496953383462 -0.0085238849127724 -0.0052867928598241

quat_3.x = -0.006336239183011
quat_3.y = 0.021291164851443
quat_3.z = 0.676364945111933
quat_4   = 0.736231603791690



SIS_iter_10
1 -0.0011005333333333 0.0008873333333333
2 -0.0017831052631579 0.0008660842105263
3 -0.0011871493670886 0.0008134177215190
4 -0.0000368347826087 0.0008052521739130
5 -0.0007652554923414 0.0007753764551422
6 -0.0011056533333333 0.0006139200000000
7 -0.0013245041095890 0.0005419726027397
8 0.0003186146341463 0.0004927024390244
9 -0.0000615884476534 0.0002944394705174
10 -0.0003865132743363 -0.0001116955752212
11 -0.0000957176470588 -0.0002594823529412
12 0.0000680000000000 -0.0003074666666667
13 -0.0008884444444444 -0.0005128000000000
14 -0.0019341000000000 -0.0005247000000000
15 -0.0018655868852459 -0.0006137311475410
16 -0.0002782909090909 -0.0007201090909091
17 0.0011348800000000 -0.0010860800000000
18 0.0007348500000000 -0.0011856000000000
19 -0.0009164571428571 -0.0012097714285714
20 -0.0009403862068966 -0.0012475862068966

Total matched stars = 8

2 1129 0.1316570953099460 0.9911120264732860 -0.0190620102445515 0.9984874025036625 -0.0494557817389204 0.0240215048254960
3 2436 0.1152426193738360 0.9931324541293191 -0.0201759072889644 0.9992019701800974 -0.0329500551803609 0.0225769052755883
4 1500 0.0834649152207942 0.9963159773022280 -0.0196997791736642 0.9997494044660113 -0.0010229319993522 0.0223625105920702
1 6542 0.1129036244950260 0.9934415106995670 -0.0180758511514055 0.9992298512323050 -0.0305468266373017 0.0246291654072259
5 31 0.1035789115479310 0.9944000301421640 -0.0209759179967930 0.9995424343739739 -0.0212473704925815 0.0215283797091425
6 4530 0.1128735860402750 0.9932780191921770 -0.0256579454375142 0.9993835307596386 -0.0306936592239675 0.0170428204778877
8 7059 0.0734035626217796 0.9969048792448060 -0.0281527748602052 0.9998672058625465 0.0088492312219672 0.0136843614174716
10 409 0.0925092826667570 0.9946778990990190 -0.0453641892294272 0.9999375566159325 -0.0107358094205402 -0.0031024611269871

quat_3.x = -0.006058779740160
quat_3.y = 0.022992811208169
quat_3.z = 0.677143420897245
quat_4   = 0.735466779474987



SIS_iter_11
1 -0.0011782588235294 0.0009674823529412
2 -0.0018604472049689 0.0009480298136646
3 -0.0012649636363636 0.0008936727272727
4 -0.0001139200000000 0.0008836000000000
5 -0.0008429335676626 0.0008551571177504
6 -0.0011836615384615 0.0006948923076923
7 -0.0014027595505618 0.0006227865168539
8 0.0002405419354839 0.0005709677419355
9 -0.0001401547551599 0.0003725516794820
10 -0.0004658728862974 -0.0000329492711370
11 -0.0001750883720930 -0.0001815627906977
12 -0.0000104516129032 -0.0002304774193548
13 -0.0009693333333333 -0.0004317333333333
14 -0.0003588255319149 -0.0006418212765957
15 0.0010532903225806 -0.0010104000000000
16 0.0006532800000000 -0.0011091200000000
17 -0.0009983040000000 -0.0011286720000000
18 -0.0010221000000000 -0.0011670000000000
19 -0.0010255024390244 -0.0014277658536585
20 -0.0006333942857143 -0.0014210057142857
21 -0.0009830682352941 -0.0014399152941176

Total matched stars = 8

2 1129 0.1316570953099460 0.9911120264732860 -0.0190620102445515 0.9983221242158772 -0.0515923779348913 0.0262899760388228
3 2436 0.1152426193738360 0.9931324541293191 -0.0201759072889644 0.9990758259581602 -0.0351054052724177 0.0248013005037856
4 1500 0.0834649152207942 0.9963159773022280 -0.0196997791736642 0.9996939188550097 -0.0031634758676656 0.0245369318527857
1 6542 0.1129036244950260 0.9934415106995670 -0.0180758511514055 0.9991044775428313 -0.0327001018414607 0.0268504430768668
5 31 0.1035789115479310 0.9944000301421640 -0.0209759179967930 0.9994442018685563 -0.0234018074100202 0.0237411617506195
6 4530 0.1128735860402750 0.9932780191921770 -0.0256579454375142 0.9992739666237505 -0.0328556155744009 0.0192885497967784
8 7059 0.0734035626217796 0.9969048792448060 -0.0281527748602052 0.9998519369857486 0.0066807311144403 0.0158578667425159
10 409 0.0925092826667570 0.9946778990990190 -0.0453641892294272 0.9999158581515788 -0.0129398246358776 -0.0009151805201236

quat_3.x = -0.006101387398495
quat_3.y = 0.024414588727314
quat_3.z = 0.677922072138627
quat_4   = 0.734702891577002



SIS_iter_12
1 -0.0012553066666667 0.0010477333333333
2 -0.0019360774193548 0.0010303225806452
3 -0.0013423800000000 0.0009748800000000
4 -0.0001919612903226 0.0009620129032258
5 -0.0009205138609532 0.0009350544818540
6 -0.0012623040000000 0.0007748160000000
7 -0.0014805176470588 0.0007044988235294
8 0.0001631272727273 0.0006477818181818
9 -0.0002187168894289 0.0004508568651276
10 -0.0005453162790698 0.0000461162790698
11 -0.0002548571428571 -0.0001032000000000
12 -0.0000912888888889 -0.0001529777777778
13 -0.0010498181818182 -0.0003510545454545
14 -0.0004400000000000 -0.0005631000000000
15 0.0009712500000000 -0.0009352500000000
16 0.0005712774193548 -0.0010322322580645
17 -0.0010800000000000 -0.0010504615384615
18 -0.0011040000000000 -0.0010869600000000
19 -0.0007152000000000 -0.0013419600000000
20 -0.0011080390243902 -0.0013473365853659
21 -0.0010660266666667 -0.0013600533333333

Total matched stars = 8

1 6542 0.1129036244950260 0.9934415106995670 -0.0180758511514055 0.9989701348010136 -0.0348337186115725 0.0290737308120976
2 1129 0.1316570953099460 0.9911120264732860 -0.0190620102445515 0.9981494548832537 -0.0536804061316891 0.0285671089506910
3 2436 0.1152426193738360 0.9931324541293191 -0.0201759072889644 0.9989398152725356 -0.0372488008118207 0.0270512901975803
4 1500 0.0834649152207942 0.9963159773022280 -0.0196997791736642 0.9996289419821021 -0.0053302794874078 0.0267126650173540
5 31 0.1035789115479310 0.9944000301421640 -0.0209759179967930 0.9993364355013310 -0.0255528622398487 0.0259565003582077
7 2377 0.1188380369227590 0.9925249827945080 -0.0277791200203857 0.9989644767758579 -0.0410829037958762 0.0195491471843407
8 7059 0.0734035626217796 0.9969048792448060 -0.0281527748602052 0.9998278871176622 0.0045305332339493 0.0179908424051657
10 409 0.0925092826667570 0.9946778990990190 -0.0453641892294272 0.9998844735120620 -0.0151459244609786 0.0012808597616114

quat_3.x = -0.005906811917274
quat_3.y = 0.026041694048523
quat_3.z = 0.678694045166966
quat_4   = 0.733935502821573



SIS_iter_13
1 -0.0013327384615385 0.0011296615384615
2 -0.0014194736842105 0.0010558736842105
3 -0.0002691147540984 0.0010400262295082
4 -0.0009979821522310 0.0010150026246719
5 -0.0013398545454545 0.0008564509090909
6 -0.0015589142857143 0.0007853714285714
7 0.0000856457142857 0.0007250057142857
8 -0.0002971293166195 0.0005292373635261
9 -0.0006245614035088 0.0001251228070175
10 -0.0003353032258065 -0.0000242322580645
11 -0.0001707000000000 -0.0000744000000000
12 -0.0011304000000000 -0.0002712000000000
13 -0.0005205957446809 -0.0004843404255319
14 0.0008888640000000 -0.0008589120000000
15 0.0004895225806452 -0.0009557419354839
16 -0.0011616888888889 -0.0009696888888889
17 -0.0011854666666667 -0.0010066666666667
18 -0.0011905066666667 -0.0012672266666667
19 -0.0007974171428571 -0.0012626057142857
20 -0.0011481191489362 -0.0012795063829787

Total matched stars = 9

1 6542 0.1129036244950260 0.9934415106995670 -0.0180758511514055 0.9988244807293156 -0.0369769944942817 0.0313425999876035
2 2436 0.1152426193738360 0.9931324541293191 -0.0201759072889644 0.9987947077643975 -0.0393823001000085 0.0292944735515881
5 4530 0.1128735860402750 0.9932780191921770 -0.0256579454375142 0.9990258395460111 -0.0371819253372852 0.0237671274579025
6 2377 0.1188380369227590 0.9925249827945080 -0.0277791200203857 0.9988265201958368 -0.0432523592023216 0.0217902725294787
4 31 0.1035789115479310 0.9944000301421640 -0.0209759179967930 0.9992192029559185 -0.0277000814087906 0.0281725031561899
7 7059 0.0734035626217796 0.9969048792448060 -0.0281527748602052 0.9997944428447038 0.0023785585887867 0.0201349078937087
3 1500 0.0834649152207942 0.9963159773022280 -0.0196997791736642 0.9995550512699759 -0.0074720836619526 0.0288767630877274
9 409 0.0925092826667570 0.9946778990990190 -0.0453641892294272 0.9998435040807044 -0.0173462128388270 0.0034750896058010
10 6310 0.0843508607759057 0.9952162870597610 -0.0492896972738534 0.9999564012096394 -0.0093135724164278 -0.0006730889324271

quat_3.x = -0.005699897097600
quat_3.y = 0.027681751712921
quat_3.z = 0.679469242697914
quat_4   = 0.733159377968666



SIS_iter_14
1 -0.0014108800000000 0.0012099200000000
2 -0.0014972571428571 0.0011371324675325
3 -0.0003463255813953 0.0011189395348837
4 -0.0010753650459921 0.0010951201051248
5 -0.0014180377358491 0.0009363169811321
6 -0.0016368000000000 0.0008666086956522
7 0.0000072000000000 0.0008028000000000
8 -0.0003755322580645 0.0006077670967742
9 -0.0007038797687861 0.0002044161849711
10 -0.0004142666666667 0.0000536000000000
11 -0.0002502400000000 0.0000044800000000
12 -0.0012099428571429 -0.0001916571428571
13 -0.0006013565217391 -0.0004048695652174
14 0.0008073230769231 -0.0007825846153846
15 0.0004080000000000 -0.0008784000000000
16 -0.0012432000000000 -0.0008883428571429
17 -0.0012672000000000 -0.0009262588235294
18 0.0018829224489796 -0.0011483265306122
19 -0.0012727341176471 -0.0011870682352941
20 -0.0008803534883721 -0.0011825302325581
21 -0.0012306382978723 -0.0011992851063830
22 0.0018927529411765 -0.0012571764705882

Total matched stars = 9

1 6542 0.1129036244950260 0.9934415106995670 -0.0180758511514055 0.9986699081294280 -0.0391389833328235 0.0335641859789988
2 2436 0.1152426193738360 0.9931324541293191 -0.0201759072889644 0.9986390298602628 -0.0415338727942835 0.0315440240055342
5 4530 0.1128735860402750 0.9932780191921770 -0.0256579454375142 0.9988878455441249 -0.0393461294128481 0.0259798792230388
6 2377 0.1188380369227590 0.9925249827945080 -0.0277791200203857 0.9986792704601397 -0.0454066174969210 0.0240406705541202
4 31 0.1035789115479310 0.9944000301421640 -0.0209759179967930 0.9990924029801839 -0.0298441402189211 0.0303923938161412
7 7059 0.0734035626217796 0.9969048792448060 -0.0281527748602052 0.9997514277130000 0.0001999502855426 0.0222944568379999
3 1500 0.0834649152207942 0.9963159773022280 -0.0196997791736642 0.9994711115892049 -0.0096150670502496 0.0310652150203150
9 409 0.0925092826667570 0.9946778990990190 -0.0453641892294272 0.9997927987120414 -0.0195481645553185 0.0056770508242859
10 6310 0.0843508607759057 0.9952162870597610 -0.0492896972738534 0.9999326881892482 -0.0115066328229778 0.0014887886690818

quat_3.x = -0.005747628505217
quat_3.y = 0.029090025259273
quat_3.z = 0.680246055565598
quat_4   = 0.732383732032354



SIS_iter_15
1 -0.0014878666666667 0.0012910666666667
2 -0.0015750650602410 0.0012174939759036
3 -0.0004232800000000 0.0011973600000000
4 -0.0011527080053074 0.0011754151260504
5 -0.0014952979591837 0.0010176489795918
6 -0.0017145655172414 0.0009478896551724
7 -0.0000700235294118 0.0008806588235294
8 -0.0004537509068924 0.0006863467956469
9 -0.0007829707317073 0.0002836682926829
10 -0.0004930800000000 0.0001328400000000
11 -0.0003305777777778 0.0000820444444444
12 -0.0012905600000000 -0.0001105600000000
13 -0.0006813209302326 -0.0003264558139535
14 0.0007278620689655 -0.0007063448275862
15 0.0003266322580645 -0.0008016774193548
16 -0.0013247314285714 -0.0008086628571429
17 -0.0013486400000000 -0.0008454400000000
18 0.0018010285714286 -0.0010738775510204
19 -0.0013548346820809 -0.0011064000000000
20 -0.0009624000000000 -0.0011030511627907
21 -0.0013127000000000 -0.0011185500000000
22 0.0018101837837838 -0.0011825513513514
23 -0.0013833742574257 -0.0014524277227723

Total matched stars = 9

1 6542 0.1129036244950260 0.9934415106995670 -0.0180758511514055 0.9985062085992216 -0.0412678917842915 0.0358093911772824
2 2436 0.1152426193738360 0.9931324541293191 -0.0201759072889644 0.9984745156970507 -0.0436850645337623 0.0337676863320677
5 4530 0.1128735860402750 0.9932780191921770 -0.0256579454375142 0.9987402219762861 -0.0414837282132164 0.0282324157714303
6 2377 0.1188380369227590 0.9925249827945080 -0.0277791200203857 0.9985224825499420 -0.0475564504658441 0.0262913647685046
4 31 0.1035789115479310 0.9944000301421640 -0.0209759179967930 0.9989559827369230 -0.0319862377291822 0.0326163325657650
7 7059 0.0734035626217796 0.9969048792448060 -0.0281527748602052 0.9996990312757480 -0.0019445126255403 0.0244553825768554
3 1500 0.0834649152207942 0.9963159773022280 -0.0196997791736642 0.9993783436965635 -0.0117504684811078 0.0332393237113477
9 409 0.0925092826667570 0.9946778990990190 -0.0453641892294272 0.9997325491283726 -0.0217433701528518 0.0078775673708554
10 6310 0.0843508607759057 0.9952162870597610 -0.0492896972738534 0.9998994077913358 -0.0136952888887153 0.0036896288147500

quat_3.x = -0.005752567629450
quat_3.y = 0.030538365602734
quat_3.z = 0.681016664874574
quat_4   = 0.731608165828938



SIS_iter_16
1 -0.0015644571428571 0.0013723200000000
2 -0.0016520400000000 0.0012993600000000
3 -0.0005007272727273 0.0012760727272727
4 -0.0012300207612457 0.0012558083044983
5 -0.0015732255319149 0.0010987404255319
6 -0.0017926417582418 0.0010295472527473
7 -0.0001485942857143 0.0009585600000000
8 -0.0005319683743445 0.0007651236789028
9 -0.0008620951289398 0.0003631564469914
10 -0.0005718545454545 0.0002114181818182
11 -0.0004097142857143 0.0001613485714286
12 -0.0013704000000000 -0.0000298285714286
13 -0.0007621276595745 -0.0002470978723404
14 0.0006466666666667 -0.0006308444444444
15 0.0002450322580645 -0.0007250322580645
16 -0.0014062000000000 -0.0007288000000000
17 -0.0014304615384615 -0.0007654769230769
18 0.0017190222222222 -0.0010004444444444
19 -0.0014370264150943 -0.0010253132075472
20 -0.0010446153846154 -0.0010232000000000
21 -0.0013949280000000 -0.0010382880000000
22 0.0017281500000000 -0.0011088000000000
23 -0.0014663076923077 -0.0013720615384615
24 -0.0014479466666667 -0.0013895644444444

Total matched stars = 8

1 6542 0.1129036244950260 0.9934415106995670 -0.0180758511514055 0.9983333470438204 -0.0433847148815329 0.0380564671893104
2 2436 0.1152426193738360 0.9931324541293191 -0.0201759072889644 0.9983000342660165 -0.0458119885724675 0.0360319759034414
3 1500 0.0834649152207942 0.9963159773022280 -0.0196997791736642 0.9992758300604565 -0.0138990183635682 0.0354207953823046
5 4530 0.1128735860402750 0.9932780191921770 -0.0256579454375142 0.9985823916184562 -0.0436387587281887 0.0304773011637650
6 2377 0.1188380369227590 0.9925249827945080 -0.0277791200203857 0.9983553271342198 -0.0497137069162198 0.0285514995643506
4 31 0.1035789115479310 0.9944000301421640 -0.0209759179967930 0.9988099957616698 -0.0341265842035155 0.0348420524248163
7 7059 0.0734035626217796 0.9969048792448060 -0.0281527748602052 0.9996371892346453 -0.0041261215029933 0.0266170062253545
9 409 0.0925092826667570 0.9946778990990190 -0.0453641892294272 0.9996625587562695 -0.0239390061802029 0.0100842750841184

quat_3.x = -0.005568840474233
quat_3.y = 0.032152336513236
quat_3.z = 0.681785965323752
quat_4   = 0.730822765184231



SIS_iter_17
1 -0.0016412571428571 0.0014532342857143
2 -0.0017296390243902 0.0013808195121951
3 -0.0005775669421488 0.0013551272727273
4 -0.0013071978835979 0.0013362793650794
5 -0.0016508160000000 0.0011798400000000
6 -0.0018703518072289 0.0011117783132530
7 -0.0002259870967742 0.0010368774193548
8 -0.0006100727127447 0.0008439878545745
9 -0.0009411154285714 0.0004425188571429
10 -0.0006522666666667 0.0002909333333333
11 -0.0004894400000000 0.0002396800000000
12 -0.0014497333333333 0.0000502666666667
13 -0.0008422153846154 -0.0001674461538462
14 -0.0014876307692308 -0.0006476307692308
15 0.0001634322580645 -0.0006477677419355
16 -0.0015120000000000 -0.0006844571428571
17 0.0016358693877551 -0.0009265469387755
18 -0.0015188689655172 -0.0009449931034483
19 -0.0011265846153846 -0.0009435692307692
20 -0.0014770723404255 -0.0009576510638298
21 0.0016456457142857 -0.0010353600000000
22 -0.0015488388349515 -0.0012909902912621
23 -0.0015305718120805 -0.0013084832214765

Total matched stars = 8

1 6542 0.1129036244950260 0.9934415106995670 -0.0180758511514055 0.9981511221003073 -0.0455061849666112 0.0402929842488987
2 2436 0.1152426193738360 0.9931324541293191 -0.0201759072889644 0.9981155585822090 -0.0479549894715238 0.0382838177421069
3 1500 0.0834649152207942 0.9963159773022280 -0.0196997791736642 0.9991638764068701 -0.0160301118000505 0.0376109505234125
5 4530 0.1128735860402750 0.9932780191921770 -0.0256579454375142 0.9984153426259851 -0.0457833339514572 0.0327213988289956
6 2377 0.1188380369227590 0.9925249827945080 -0.0277791200203857 0.9981784970642203 -0.0518595821089196 0.0308264779386524
4 31 0.1035789115479310 0.9944000301421640 -0.0209759179967930 0.9986545685957714 -0.0362621982920486 0.0370689303571324
7 7059 0.0734035626217796 0.9969048792448060 -0.0281527748602052 0.9995657980261670 -0.0062746936869643 0.0287896445870203
9 409 0.0925092826667570 0.9946778990990190 -0.0453641892294272 0.9995830074242333 -0.0261311941784660 0.0122870647240220

quat_3.x = -0.005504847058705
quat_3.y = 0.033659609790736
quat_3.z = 0.682553817467569
quat_4   = 0.730038216548576



SIS_iter_18
1 -0.0006546285714286 0.0014340952380952
2 -0.0013843607567092 0.0014169365596128
3 -0.0017279510204082 0.0012614693877551
4 -0.0003037818181818 0.0011144000000000
5 -0.0006881565006075 0.0009229579586877
6 -0.0010201106628242 0.0005222939481268
7 -0.0007309333333333 0.0003696000000000
8 -0.0015303085714286 0.0001309028571429
9 -0.0009219574468085 -0.0000883914893617
10 -0.0015693677419355 -0.0005664774193548
11 0.0000817600000000 -0.0005708800000000
12 -0.0015934500000000 -0.0006042000000000
13 0.0015543396226415 -0.0008517283018868
14 -0.0016009490683230 -0.0008642236024845
15 -0.0012081081081081 -0.0008634162162162
16 -0.0015588000000000 -0.0008767826086957
17 0.0015640551724138 -0.0009600827586207
18 -0.0016311085714286 -0.0012105371428571
19 -0.0016136123076923 -0.0012276923076923

Total matched stars = 6

2 31 0.1035789115479310 0.9944000301421640 -0.0209759179967930 0.9984894772952346 -0.0383963791209611 0.0392998956880094
3 4530 0.1128735860402750 0.9932780191921770 -0.0256579454375142 0.9982387995910843 -0.0479141042323454 0.0349791024264876
4 7059 0.0734035626217796 0.9969048792448060 -0.0281527748602052 0.9994856707034502 -0.0084340437303602 0.0309396342064424
6 409 0.0925092826667570 0.9946778990990190 -0.0453641892294272 0.9994936654034092 -0.0283220595973130 0.0145008192397576
7 6310 0.0843508607759057 0.9952162870597610 -0.0492896972738534 0.9997412780259710 -0.0202984506894014 0.0102640104544000
8 7955 0.1060997522427830 0.9927351896592520 -0.0567422751238394 0.9990911402791410 -0.0424699371002087 0.0036328856891293

quat_3.x = -0.005321076851208
quat_3.y = 0.035268368475792
quat_3.z = 0.683318325811843
quat_4   = 0.729248778785834



SIS_iter_19
1 -0.0018059265306122 0.0013428734693878
2 -0.0003808000000000 0.0011929600000000
3 -0.0007660966855295 0.0010020902182700
4 -0.0010990319327731 0.0006022655462185
5 -0.0008109073170732 0.0004485658536585
6 -0.0006474857142857 0.0003975428571429
7 -0.0016089000000000 0.0002124000000000
8 -0.0010021090909091 -0.0000088363636364
9 0.0004032888888889 -0.0004025777777778
10 -0.0016507200000000 -0.0004852800000000
11 0.0000008516129032 -0.0004938580645161
12 -0.0016747764705882 -0.0005229176470588
13 -0.0016827577639752 -0.0007834285714286
14 -0.0012906580645161 -0.0007824774193548
15 0.0014721000000000 -0.0007777000000000
16 -0.0016403876288660 -0.0007958350515464
17 0.0014808000000000 -0.0008860235294118
18 -0.0017144316831683 -0.0011295445544554
19 -0.0016958616541353 -0.0011465323308271
20 -0.0017023683168317 -0.0014559524752475

Total matched stars = 8

4 409 0.0925092826667570 0.9946778990990190 -0.0453641892294272 0.9993946107679652 -0.0305101830743152 0.0167194705872773
1 4530 0.1128735860402750 0.9932780191921770 -0.0256579454375142 0.9980517424196504 -0.0500668922377618 0.0372293668325436
2 7059 0.0734035626217796 0.9969048792448060 -0.0281527748602052 0.9993955476366293 -0.0105713840150008 0.0331177475696832
3 633 0.0838056274209881 0.9959050117246850 -0.0339090612407629 0.9993867185922489 -0.0212674125743259 0.0278187681936182
5 6310 0.0843508607759057 0.9952162870597610 -0.0492896972738534 0.9996688443519545 -0.0225177439037522 0.0124560363484049
6 8040 0.0797824289838490 0.9955306940394000 -0.0505311908712528 0.9997773590694319 -0.0179817099295488 0.0110403985508667
7 7955 0.1060997522427830 0.9927351896592520 -0.0567422751238394 0.9989854684677367 -0.0446463255616039 0.0058940142639596
9 7777 0.0496711933510463 0.9962099190898061 -0.0714042691872439 0.9998747493090440 0.0112010660188028 -0.0111813154064708

quat_3.x = -0.005202511744805
quat_3.y = 0.036823388938922
quat_3.z = 0.684078182134175
quat_4   = 0.728453997983368



SIS_iter_20
1 -0.0018833739130435 0.0014252869565217
2 -0.0004591272727273 0.0012716363636364
3 -0.0008440006498781 0.0010813627944760
4 -0.0011777714285714 0.0006822428571429
5 -0.0008896727272727 0.0005277818181818
6 -0.0007270080000000 0.0004760640000000
7 -0.0016896000000000 0.0002928000000000
8 -0.0010825714285714 0.0000708000000000
9 0.0003213000000000 -0.0003250500000000
10 -0.0017313931034483 -0.0004039448275862
11 -0.0000798153846154 -0.0004159384615385
12 -0.0017557200000000 -0.0004416000000000
13 -0.0017644390243902 -0.0007023219512195
14 -0.0013722947368421 -0.0007029473684211
15 0.0013905056603774 -0.0007036528301887
16 -0.0017221463414634 -0.0007152000000000
17 -0.0017968444444444 -0.0010483111111111
18 -0.0017780979020979 -0.0010655832167832
19 -0.0017854701956272 -0.0013765201380898
20 -0.0014694315789474 -0.0014066526315789
21 -0.0018503290640394 -0.0014334857142857

Total matched stars = 7

4 409 0.0925092826667570 0.9946778990990190 -0.0453641892294272 0.9992860273800803 -0.0326925147783029 0.0189376598450756
1 4530 0.1128735860402750 0.9932780191921770 -0.0256579454375142 0.9978547086269726 -0.0522037090898789 0.0395063694641618
2 7059 0.0734035626217796 0.9969048792448060 -0.0281527748602052 0.9992955533644786 -0.0127445511684646 0.0352983489910665
5 6310 0.0843508607759057 0.9952162870597610 -0.0492896972738534 0.9995874193600283 -0.0247029351535984 0.0146545573783752
7 7955 0.1060997522427830 0.9927351896592520 -0.0567422751238394 0.9988674823591099 -0.0468801805053876 0.0081241221898541
6 8040 0.0797824289838490 0.9955306940394000 -0.0505311908712528 0.9997087778959972 -0.0201887855333504 0.0132201488788967
9 7777 0.0496711933510463 0.9962099190898061 -0.0714042691872439 0.9999194190031448 0.0089242808146031 -0.0090284390874159

quat_3.x = -0.005101114807146
quat_3.y = 0.038360386558026
quat_3.z = 0.684847374216015
quat_4   = 0.727656672091674



SIS_iter_21
1 -0.0005366666666667 0.0013501333333333
2 -0.0009217730956240 0.0011606839546191
3 -0.0012563360946746 0.0007619928994083
4 -0.0009692756756757 0.0006072000000000
5 -0.0008058352941176 0.0005549647058824
6 -0.0017701241379310 0.0003744827586207
7 -0.0011621000000000 0.0001510000000000
8 0.0002409000000000 -0.0002481000000000
9 -0.0018122086956522 -0.0003231652173913
10 -0.0001606500000000 -0.0003387000000000
11 -0.0018378000000000 -0.0003603000000000
12 -0.0018464520710059 -0.0006211739644970
13 -0.0014536941176471 -0.0006232941176471
14 0.0013086222222222 -0.0006288888888889
15 -0.0018039614457831 -0.0006343228915663
16 0.0013163692307692 -0.0007374153846154
17 -0.0018791547169811 -0.0009669735849057
18 -0.0018611377777778 -0.0009841244444444
19 -0.0018685801385681 -0.0012952739030023
20 -0.0015522418604651 -0.0013265302325581
21 -0.0019327153846154 -0.0013520538461538
22 -0.0016913032258065 -0.0014007483870968

Total matched stars = 6

1 7059 0.0734035626217796 0.9969048792448060 -0.0281527748602052 0.9991866141785507 -0.0148952819335877 0.0374731987228593
3 409 0.0925092826667570 0.9946778990990190 -0.0453641892294272 0.9991680865098465 -0.0348691925480342 0.0211488607565518
4 6310 0.0843508607759057 0.9952162870597610 -0.0492896972738534 0.9994956799224261 -0.0269107458469925 0.0168581604680249
5 8040 0.0797824289838490 0.9955306940394000 -0.0505311908712528 0.9991535247285664 -0.0255831343747964 0.0322139295653775
7 4915 0.0890728540268778 0.9940825966976780 -0.0621756995803665 0.9987394335417468 -0.0491081327448837 0.0103891860615550
6 7955 0.1060997522427830 0.9927351896592520 -0.0567422751238394 0.9996308540616007 -0.0223760506469946 0.0154099956365339

quat_3.x = -0.003794514022353
quat_3.y = 0.063832851818764
quat_3.z = 0.662502219120802
quat_4   = 0.746325155986069



SIS_iter_22
1 -0.0006136000000000 0.0014288727272727
2 -0.0009995430887718 0.0012401598702878
3 -0.0013351586206897 0.0008422758620690
4 -0.0010469647058824 0.0006865411764706
5 -0.0008841103448276 0.0006338482758621
6 -0.0018483200000000 0.0004556800000000
7 -0.0012418434782609 0.0002309217391304
8 0.0001602514285714 -0.0001709485714286
9 -0.0018936000000000 -0.0002425548387097
10 -0.0002414117647059 -0.0002601882352941
11 -0.0019190117647059 -0.0002789647058824
12 -0.0019277236363636 -0.0005395636363636
13 -0.0015354666666667 -0.0005425333333333
14 -0.0018852659340659 -0.0005528703296703
15 0.0012275586206897 -0.0005542344827586
16 0.0012344516129032 -0.0006626322580645
17 -0.0019358068965517 -0.0009043034482759
18 -0.0016365333333333 -0.0012457066666667
19 -0.0017741894736842 -0.0013192000000000

Total matched stars = 8

1 7059 0.0734035626217796 0.9969048792448060 -0.0281527748602052 0.9990683628652950 -0.0170285652070596 0.0396539315660898
3 409 0.0925092826667570 0.9946778990990190 -0.0453641892294272 0.9990399348340929 -0.0370521328168603 0.0233740895098252
4 6310 0.0843508607759057 0.9952162870597610 -0.0492896972738534 0.9993958127107444 -0.0290647817531878 0.0190590660282837
6 7955 0.1060997522427830 0.9927351896592520 -0.0567422751238394 0.9986048037396040 -0.0512705897457774 0.0126401176935573
5 8040 0.0797824289838490 0.9955306940394000 -0.0505311908712528 0.9995437481105597 -0.0245474157725635 0.0175988633719052
8 7777 0.0496711933510463 0.9962099190898061 -0.0714042691872439 0.9999788185995272 0.0044513342839373 -0.0047484708471783
9 8397 0.1063107874175860 0.9914170760850000 -0.0760933487613864 0.9985968807910299 -0.0525261959296082 -0.0067281807043404
11 6672 0.1069339148907660 0.9912689915139150 -0.0771422342761742 0.9985523673397575 -0.0532287150166640 -0.0077378018739740

quat_3.x = -0.004944020511719
quat_3.y = 0.041385920168315
quat_3.z = 0.686367295520693
quat_4   = 0.726058324917107



